outputs:tensor([[0.2410, 0.2515, 0.2541, 0.2534],
        [0.2434, 0.2503, 0.2530, 0.2533],
        [0.2447, 0.2481, 0.2530, 0.2542],
        [0.2440, 0.2478, 0.2572, 0.2511],
        [0.2426, 0.2484, 0.2552, 0.2538],
        [0.2464, 0.2455, 0.2540, 0.2541],
        [0.2441, 0.2463, 0.2558, 0.2539],
        [0.2419, 0.2535, 0.2524, 0.2522]], grad_fn=<SoftmaxBackward0>)
true labels:tensor([0, 1, 2, 2, 2, 0, 1, 0])
outputs:tensor([[1.0000e+00, 2.9908e-13, 4.2988e-09, 7.1707e-37],
        [1.0000e+00, 3.0522e-14, 1.8522e-08, 1.7069e-37],
        [1.0000e+00, 5.3291e-16, 8.2958e-10, 2.0179e-43],
        [1.0000e+00, 1.6984e-11, 1.0712e-06, 9.0985e-30],
        [1.0000e+00, 9.1813e-14, 2.5290e-09, 3.1806e-37],
        [1.0000e+00, 1.8492e-12, 2.0595e-07, 9.2770e-32],
        [1.0000e+00, 2.2163e-12, 2.5225e-08, 1.9366e-34],
        [1.0000e+00, 1.8701e-14, 1.3722e-08, 4.7026e-39]],
       grad_fn=<SoftmaxBackward0>)
true labels:tensor([1, 0, 2, 0, 0, 0, 0, 0])
outputs:tensor([[1.0000e+00, 5.3849e-35, 8.4350e-19, 0.0000e+00],
        [1.0000e+00, 2.9149e-35, 1.7564e-23, 0.0000e+00],
        [1.0000e+00, 4.2723e-34, 8.5047e-23, 0.0000e+00],
        [1.0000e+00, 3.2781e-28, 5.5326e-24, 0.0000e+00],
        [1.0000e+00, 1.7019e-30, 1.1279e-18, 0.0000e+00],
        [1.0000e+00, 5.3849e-35, 8.4350e-19, 0.0000e+00],
        [1.0000e+00, 1.2828e-23, 5.1735e-13, 0.0000e+00],
        [1.0000e+00, 2.4094e-35, 2.1565e-22, 0.0000e+00]],
       grad_fn=<SoftmaxBackward0>)
true labels:tensor([0, 0, 0, 2, 2, 0, 1, 1])
outputs:tensor([[1.0000e+00, 0.0000e+00, 1.4013e-45, 0.0000e+00],
        [1.0000e+00, 0.0000e+00, 0.0000e+00, 0.0000e+00],
        [1.0000e+00, 0.0000e+00, 3.2123e-41, 0.0000e+00],
        [1.0000e+00, 0.0000e+00, 8.2200e-36, 0.0000e+00],
        [1.0000e+00, 0.0000e+00, 2.1265e-41, 0.0000e+00],
        [1.0000e+00, 0.0000e+00, 2.6335e-35, 0.0000e+00],
        [1.0000e+00, 0.0000e+00, 2.6625e-44, 0.0000e+00],
        [1.0000e+00, 0.0000e+00, 1.6004e-39, 0.0000e+00]],
       grad_fn=<SoftmaxBackward0>)
true labels:tensor([0, 2, 0, 0, 0, 2, 2, 1])
outputs:tensor([[1., 0., 0., 0.],
        [1., 0., 0., 0.],
        [1., 0., 0., 0.],
        [1., 0., 0., 0.],
        [1., 0., 0., 0.],
        [1., 0., 0., 0.],
        [1., 0., 0., 0.],
        [1., 0., 0., 0.]], grad_fn=<SoftmaxBackward0>)
true labels:tensor([0, 2, 0, 1, 2, 2, 0, 0])
outputs:tensor([[1., 0., 0., 0.],
        [1., 0., 0., 0.],
        [1., 0., 0., 0.],
        [1., 0., 0., 0.],
        [1., 0., 0., 0.],
        [1., 0., 0., 0.],
        [1., 0., 0., 0.],
        [1., 0., 0., 0.]], grad_fn=<SoftmaxBackward0>)
true labels:tensor([1, 0, 0, 0, 2, 0, 2, 2])
outputs:tensor([[1., 0., 0., 0.],
        [1., 0., 0., 0.]], grad_fn=<SoftmaxBackward0>)
true labels:tensor([0, 2])
Epoch [1/5], Train Loss: 8.5994, Val Loss: 1.1901, Val Accuracy: 56.00%
outputs:tensor([[1., 0., 0., 0.],
        [1., 0., 0., 0.],
        [1., 0., 0., 0.],
        [1., 0., 0., 0.],
        [1., 0., 0., 0.],
        [1., 0., 0., 0.],
        [1., 0., 0., 0.],
        [1., 0., 0., 0.]], grad_fn=<SoftmaxBackward0>)
true labels:tensor([2, 1, 0, 0, 0, 2, 1, 0])
outputs:tensor([[1., 0., 0., 0.],
        [1., 0., 0., 0.],
        [1., 0., 0., 0.],
        [1., 0., 0., 0.],
        [1., 0., 0., 0.],
        [1., 0., 0., 0.],
        [1., 0., 0., 0.],
        [1., 0., 0., 0.]], grad_fn=<SoftmaxBackward0>)
true labels:tensor([0, 2, 0, 0, 0, 1, 0, 0])
outputs:tensor([[1., 0., 0., 0.],
        [1., 0., 0., 0.],
        [1., 0., 0., 0.],
        [1., 0., 0., 0.],
        [1., 0., 0., 0.],
        [1., 0., 0., 0.],
        [1., 0., 0., 0.],
        [1., 0., 0., 0.]], grad_fn=<SoftmaxBackward0>)
true labels:tensor([1, 1, 2, 0, 2, 2, 2, 0])
outputs:tensor([[1., 0., 0., 0.],
        [1., 0., 0., 0.],
        [1., 0., 0., 0.],
        [1., 0., 0., 0.],
        [1., 0., 0., 0.],
        [1., 0., 0., 0.],
        [1., 0., 0., 0.],
        [1., 0., 0., 0.]], grad_fn=<SoftmaxBackward0>)
true labels:tensor([0, 1, 2, 0, 0, 0, 0, 2])
outputs:tensor([[1., 0., 0., 0.],
        [1., 0., 0., 0.],
        [1., 0., 0., 0.],
        [1., 0., 0., 0.],
        [1., 0., 0., 0.],
        [1., 0., 0., 0.],
        [1., 0., 0., 0.],
        [1., 0., 0., 0.]], grad_fn=<SoftmaxBackward0>)
true labels:tensor([0, 1, 0, 2, 2, 0, 2, 1])
outputs:tensor([[1., 0., 0., 0.],
        [1., 0., 0., 0.],
        [1., 0., 0., 0.],
        [1., 0., 0., 0.],
        [1., 0., 0., 0.],
        [1., 0., 0., 0.],
        [1., 0., 0., 0.],
        [1., 0., 0., 0.]], grad_fn=<SoftmaxBackward0>)
true labels:tensor([2, 2, 2, 0, 0, 0, 0, 0])
outputs:tensor([[1., 0., 0., 0.],
        [1., 0., 0., 0.]], grad_fn=<SoftmaxBackward0>)
true labels:tensor([0, 2])
Epoch [2/5], Train Loss: 8.5807, Val Loss: 1.1901, Val Accuracy: 56.00%
outputs:tensor([[1., 0., 0., 0.],
        [1., 0., 0., 0.],
        [1., 0., 0., 0.],
        [1., 0., 0., 0.],
        [1., 0., 0., 0.],
        [1., 0., 0., 0.],
        [1., 0., 0., 0.],
        [1., 0., 0., 0.]], grad_fn=<SoftmaxBackward0>)
true labels:tensor([0, 0, 0, 0, 2, 0, 2, 2])
outputs:tensor([[1., 0., 0., 0.],
        [1., 0., 0., 0.],
        [1., 0., 0., 0.],
        [1., 0., 0., 0.],
        [1., 0., 0., 0.],
        [1., 0., 0., 0.],
        [1., 0., 0., 0.],
        [1., 0., 0., 0.]], grad_fn=<SoftmaxBackward0>)
true labels:tensor([1, 0, 0, 0, 0, 0, 2, 0])
outputs:tensor([[1., 0., 0., 0.],
        [1., 0., 0., 0.],
        [1., 0., 0., 0.],
        [1., 0., 0., 0.],
        [1., 0., 0., 0.],
        [1., 0., 0., 0.],
        [1., 0., 0., 0.],
        [1., 0., 0., 0.]], grad_fn=<SoftmaxBackward0>)
true labels:tensor([1, 2, 0, 0, 0, 1, 0, 1])
outputs:tensor([[1., 0., 0., 0.],
        [1., 0., 0., 0.],
        [1., 0., 0., 0.],
        [1., 0., 0., 0.],
        [1., 0., 0., 0.],
        [1., 0., 0., 0.],
        [1., 0., 0., 0.],
        [1., 0., 0., 0.]], grad_fn=<SoftmaxBackward0>)
true labels:tensor([2, 2, 0, 2, 1, 2, 1, 0])
outputs:tensor([[1., 0., 0., 0.],
        [1., 0., 0., 0.],
        [1., 0., 0., 0.],
        [1., 0., 0., 0.],
        [1., 0., 0., 0.],
        [1., 0., 0., 0.],
        [1., 0., 0., 0.],
        [1., 0., 0., 0.]], grad_fn=<SoftmaxBackward0>)
true labels:tensor([2, 0, 2, 2, 2, 0, 0, 0])
outputs:tensor([[1., 0., 0., 0.],
        [1., 0., 0., 0.],
        [1., 0., 0., 0.],
        [1., 0., 0., 0.],
        [1., 0., 0., 0.],
        [1., 0., 0., 0.],
        [1., 0., 0., 0.],
        [1., 0., 0., 0.]], grad_fn=<SoftmaxBackward0>)
true labels:tensor([2, 0, 0, 1, 1, 2, 0, 0])
outputs:tensor([[1., 0., 0., 0.],
        [1., 0., 0., 0.]], grad_fn=<SoftmaxBackward0>)
true labels:tensor([0, 2])
Epoch [3/5], Train Loss: 8.5807, Val Loss: 1.1901, Val Accuracy: 56.00%
outputs:tensor([[1., 0., 0., 0.],
        [1., 0., 0., 0.],
        [1., 0., 0., 0.],
        [1., 0., 0., 0.],
        [1., 0., 0., 0.],
        [1., 0., 0., 0.],
        [1., 0., 0., 0.],
        [1., 0., 0., 0.]], grad_fn=<SoftmaxBackward0>)
true labels:tensor([0, 0, 0, 1, 1, 0, 2, 2])
outputs:tensor([[1., 0., 0., 0.],
        [1., 0., 0., 0.],
        [1., 0., 0., 0.],
        [1., 0., 0., 0.],
        [1., 0., 0., 0.],
        [1., 0., 0., 0.],
        [1., 0., 0., 0.],
        [1., 0., 0., 0.]], grad_fn=<SoftmaxBackward0>)
true labels:tensor([0, 2, 0, 2, 2, 0, 0, 0])
outputs:tensor([[1., 0., 0., 0.],
        [1., 0., 0., 0.],
        [1., 0., 0., 0.],
        [1., 0., 0., 0.],
        [1., 0., 0., 0.],
        [1., 0., 0., 0.],
        [1., 0., 0., 0.],
        [1., 0., 0., 0.]], grad_fn=<SoftmaxBackward0>)
true labels:tensor([2, 1, 1, 0, 2, 0, 0, 0])
outputs:tensor([[1., 0., 0., 0.],
        [1., 0., 0., 0.],
        [1., 0., 0., 0.],
        [1., 0., 0., 0.],
        [1., 0., 0., 0.],
        [1., 0., 0., 0.],
        [1., 0., 0., 0.],
        [1., 0., 0., 0.]], grad_fn=<SoftmaxBackward0>)
true labels:tensor([1, 0, 2, 0, 0, 0, 2, 0])
outputs:tensor([[1., 0., 0., 0.],
        [1., 0., 0., 0.],
        [1., 0., 0., 0.],
        [1., 0., 0., 0.],
        [1., 0., 0., 0.],
        [1., 0., 0., 0.],
        [1., 0., 0., 0.],
        [1., 0., 0., 0.]], grad_fn=<SoftmaxBackward0>)
true labels:tensor([0, 0, 2, 2, 0, 2, 0, 0])
outputs:tensor([[1., 0., 0., 0.],
        [1., 0., 0., 0.],
        [1., 0., 0., 0.],
        [1., 0., 0., 0.],
        [1., 0., 0., 0.],
        [1., 0., 0., 0.],
        [1., 0., 0., 0.],
        [1., 0., 0., 0.]], grad_fn=<SoftmaxBackward0>)
true labels:tensor([2, 1, 1, 2, 0, 2, 0, 1])
outputs:tensor([[1., 0., 0., 0.],
        [1., 0., 0., 0.]], grad_fn=<SoftmaxBackward0>)
true labels:tensor([2, 0])
Epoch [4/5], Train Loss: 8.5807, Val Loss: 1.1901, Val Accuracy: 56.00%
outputs:tensor([[1., 0., 0., 0.],
        [1., 0., 0., 0.],
        [1., 0., 0., 0.],
        [1., 0., 0., 0.],
        [1., 0., 0., 0.],
        [1., 0., 0., 0.],
        [1., 0., 0., 0.],
        [1., 0., 0., 0.]], grad_fn=<SoftmaxBackward0>)
true labels:tensor([0, 0, 0, 0, 0, 0, 0, 0])
outputs:tensor([[1., 0., 0., 0.],
        [1., 0., 0., 0.],
        [1., 0., 0., 0.],
        [1., 0., 0., 0.],
        [1., 0., 0., 0.],
        [1., 0., 0., 0.],
        [1., 0., 0., 0.],
        [1., 0., 0., 0.]], grad_fn=<SoftmaxBackward0>)
true labels:tensor([1, 0, 2, 0, 2, 0, 2, 2])
outputs:tensor([[1., 0., 0., 0.],
        [1., 0., 0., 0.],
        [1., 0., 0., 0.],
        [1., 0., 0., 0.],
        [1., 0., 0., 0.],
        [1., 0., 0., 0.],
        [1., 0., 0., 0.],
        [1., 0., 0., 0.]], grad_fn=<SoftmaxBackward0>)
true labels:tensor([0, 0, 0, 2, 0, 2, 1, 2])
outputs:tensor([[1., 0., 0., 0.],
        [1., 0., 0., 0.],
        [1., 0., 0., 0.],
        [1., 0., 0., 0.],
        [1., 0., 0., 0.],
        [1., 0., 0., 0.],
        [1., 0., 0., 0.],
        [1., 0., 0., 0.]], grad_fn=<SoftmaxBackward0>)
true labels:tensor([2, 0, 0, 2, 1, 0, 0, 2])
outputs:tensor([[1., 0., 0., 0.],
        [1., 0., 0., 0.],
        [1., 0., 0., 0.],
        [1., 0., 0., 0.],
        [1., 0., 0., 0.],
        [1., 0., 0., 0.],
        [1., 0., 0., 0.],
        [1., 0., 0., 0.]], grad_fn=<SoftmaxBackward0>)
true labels:tensor([0, 2, 2, 1, 2, 1, 2, 0])
outputs:tensor([[1., 0., 0., 0.],
        [1., 0., 0., 0.],
        [1., 0., 0., 0.],
        [1., 0., 0., 0.],
        [1., 0., 0., 0.],
        [1., 0., 0., 0.],
        [1., 0., 0., 0.],
        [1., 0., 0., 0.]], grad_fn=<SoftmaxBackward0>)
true labels:tensor([0, 0, 0, 1, 2, 1, 1, 0])
outputs:tensor([[1., 0., 0., 0.],
        [1., 0., 0., 0.]], grad_fn=<SoftmaxBackward0>)
true labels:tensor([0, 2])
Epoch [5/5], Train Loss: 8.5807, Val Loss: 1.1365, Val Accuracy: 56.00%
训练完成，model saved at CloudSeaScene/model_saved/CnnClasification_20240807_epoch5.pth