outputs:tensor([[0.2226, 0.2770, 0.2634, 0.2369],
        [0.2285, 0.2737, 0.2609, 0.2369],
        [0.2283, 0.2753, 0.2565, 0.2399],
        [0.2263, 0.2726, 0.2626, 0.2384],
        [0.2283, 0.2718, 0.2667, 0.2332],
        [0.2264, 0.2719, 0.2655, 0.2362],
        [0.2317, 0.2721, 0.2607, 0.2355],
        [0.2265, 0.2736, 0.2623, 0.2376],
        [0.2270, 0.2778, 0.2601, 0.2352],
        [0.2376, 0.2695, 0.2609, 0.2319],
        [0.2260, 0.2751, 0.2629, 0.2360],
        [0.2323, 0.2737, 0.2608, 0.2331],
        [0.2332, 0.2705, 0.2598, 0.2365],
        [0.2259, 0.2711, 0.2645, 0.2385],
        [0.2263, 0.2696, 0.2650, 0.2390],
        [0.2317, 0.2680, 0.2645, 0.2358],
        [0.2272, 0.2730, 0.2605, 0.2393],
        [0.2222, 0.2776, 0.2660, 0.2341],
        [0.2239, 0.2712, 0.2682, 0.2367],
        [0.2265, 0.2685, 0.2684, 0.2366],
        [0.2280, 0.2735, 0.2628, 0.2357],
        [0.2315, 0.2730, 0.2594, 0.2360],
        [0.2240, 0.2739, 0.2651, 0.2370],
        [0.2270, 0.2743, 0.2641, 0.2346],
        [0.2256, 0.2734, 0.2624, 0.2385],
        [0.2318, 0.2742, 0.2579, 0.2362],
        [0.2265, 0.2724, 0.2636, 0.2376],
        [0.2351, 0.2655, 0.2625, 0.2369],
        [0.2253, 0.2726, 0.2638, 0.2384],
        [0.2341, 0.2700, 0.2600, 0.2359],
        [0.2265, 0.2761, 0.2620, 0.2355],
        [0.2327, 0.2760, 0.2589, 0.2323]], grad_fn=<SoftmaxBackward0>)
true labels:tensor([0, 3, 1, 3, 2, 2, 1, 2, 3, 2, 2, 2, 2, 2, 0, 2, 0, 3, 2, 3, 3, 2, 0, 2,
        0, 2, 0, 0, 2, 0, 1, 2])
outputs:tensor([[1.0466e-25, 0.0000e+00, 1.0000e+00, 2.8026e-45],
        [2.0503e-32, 0.0000e+00, 1.0000e+00, 0.0000e+00],
        [1.1827e-27, 0.0000e+00, 1.0000e+00, 0.0000e+00],
        [1.1581e-23, 1.3593e-43, 1.0000e+00, 5.1594e-41],
        [2.8303e-27, 0.0000e+00, 1.0000e+00, 0.0000e+00],
        [3.1043e-34, 0.0000e+00, 1.0000e+00, 0.0000e+00],
        [6.7543e-33, 0.0000e+00, 1.0000e+00, 0.0000e+00],
        [4.1107e-30, 0.0000e+00, 1.0000e+00, 0.0000e+00],
        [4.0696e-32, 0.0000e+00, 1.0000e+00, 0.0000e+00],
        [2.5551e-34, 0.0000e+00, 1.0000e+00, 0.0000e+00],
        [1.0572e-36, 0.0000e+00, 1.0000e+00, 0.0000e+00],
        [2.5811e-26, 0.0000e+00, 1.0000e+00, 2.9427e-44],
        [1.5944e-32, 0.0000e+00, 1.0000e+00, 0.0000e+00],
        [1.9988e-34, 0.0000e+00, 1.0000e+00, 0.0000e+00],
        [1.7461e-31, 0.0000e+00, 1.0000e+00, 0.0000e+00],
        [5.6732e-30, 0.0000e+00, 1.0000e+00, 0.0000e+00],
        [5.7209e-31, 0.0000e+00, 1.0000e+00, 0.0000e+00],
        [6.5925e-35, 0.0000e+00, 1.0000e+00, 0.0000e+00]],
       grad_fn=<SoftmaxBackward0>)
true labels:tensor([0, 0, 0, 0, 2, 0, 3, 0, 2, 0, 2, 2, 0, 0, 2, 3, 3, 2])
Epoch [1/1], Train Loss: 2.7967, Val Loss: 1.5076, Val Accuracy: 24.00%
训练完成，model saved at CloudSeaScene/model_saved/CnnClasification_20240807_epoch1.pth