outputs:tensor([[0.2515, 0.2460, 0.2382, 0.2642],
        [0.2487, 0.2459, 0.2374, 0.2680],
        [0.2493, 0.2458, 0.2382, 0.2667],
        [0.2522, 0.2415, 0.2417, 0.2645],
        [0.2519, 0.2411, 0.2414, 0.2657],
        [0.2513, 0.2482, 0.2384, 0.2620],
        [0.2525, 0.2424, 0.2386, 0.2665],
        [0.2495, 0.2500, 0.2351, 0.2654],
        [0.2473, 0.2462, 0.2404, 0.2661],
        [0.2555, 0.2411, 0.2426, 0.2608],
        [0.2549, 0.2479, 0.2259, 0.2713],
        [0.2518, 0.2465, 0.2376, 0.2641],
        [0.2517, 0.2501, 0.2301, 0.2680],
        [0.2488, 0.2432, 0.2464, 0.2616],
        [0.2476, 0.2452, 0.2385, 0.2687],
        [0.2478, 0.2480, 0.2372, 0.2670],
        [0.2481, 0.2456, 0.2368, 0.2695],
        [0.2473, 0.2464, 0.2379, 0.2684],
        [0.2544, 0.2421, 0.2412, 0.2623],
        [0.2511, 0.2408, 0.2452, 0.2630],
        [0.2476, 0.2463, 0.2401, 0.2661],
        [0.2466, 0.2420, 0.2488, 0.2625],
        [0.2542, 0.2417, 0.2386, 0.2654],
        [0.2486, 0.2438, 0.2397, 0.2678],
        [0.2517, 0.2454, 0.2402, 0.2628],
        [0.2466, 0.2447, 0.2461, 0.2626],
        [0.2515, 0.2431, 0.2360, 0.2693],
        [0.2530, 0.2414, 0.2377, 0.2680],
        [0.2495, 0.2432, 0.2431, 0.2642],
        [0.2484, 0.2469, 0.2359, 0.2688]], grad_fn=<SoftmaxBackward0>)
true labels:tensor([3, 0, 1, 3, 0, 0, 3, 1, 0, 2, 0, 3, 1, 0, 2, 1, 0, 1, 1, 2, 0, 2, 1, 0,
        3, 0, 0, 2, 1, 0])
loss = 1.386483907699585
Epoch [1/2], Train Loss: 1.3865, Val Loss: 1.3770, Val Accuracy: 36.67%
outputs:tensor([[1.0000e+00, 1.7784e-09, 2.0935e-24, 1.2819e-25],
        [1.0000e+00, 6.3423e-11, 7.2072e-31, 2.4754e-30],
        [1.0000e+00, 5.7959e-08, 7.8432e-26, 3.4752e-28],
        [1.0000e+00, 2.4570e-10, 4.7301e-28, 2.3366e-27],
        [1.0000e+00, 1.8104e-11, 1.2491e-28, 5.1650e-29],
        [1.0000e+00, 3.3708e-14, 1.6215e-36, 5.0346e-36],
        [1.0000e+00, 4.0069e-08, 1.1106e-25, 1.5779e-25],
        [1.0000e+00, 1.1989e-06, 2.0190e-32, 5.7180e-33],
        [1.0000e+00, 3.3201e-11, 7.7510e-31, 1.4914e-33],
        [1.0000e+00, 5.3769e-07, 9.6137e-27, 5.4881e-28],
        [1.0000e+00, 3.3991e-12, 2.1974e-31, 1.2441e-31],
        [1.0000e+00, 2.6221e-09, 1.8707e-34, 4.4254e-34],
        [1.0000e+00, 1.1707e-09, 4.9308e-25, 3.2667e-26],
        [1.0000e+00, 9.2558e-14, 7.0081e-35, 8.9299e-36],
        [1.0000e+00, 1.6478e-07, 2.8133e-20, 2.1261e-21],
        [1.0000e+00, 1.4208e-10, 2.4292e-29, 2.0626e-29],
        [1.0000e+00, 8.6822e-10, 1.9038e-27, 9.4377e-28],
        [1.0000e+00, 3.6183e-12, 2.7194e-34, 1.1176e-33],
        [1.0000e+00, 4.1814e-11, 5.7033e-35, 3.1145e-34],
        [1.0000e+00, 7.3621e-10, 1.1490e-27, 9.0192e-27],
        [1.0000e+00, 1.3514e-11, 1.2330e-31, 4.9153e-32],
        [1.0000e+00, 3.5941e-06, 1.9779e-21, 5.7203e-21],
        [1.0000e+00, 3.1305e-12, 1.1729e-34, 1.8155e-34],
        [1.0000e+00, 4.3415e-10, 2.9399e-25, 5.7900e-27],
        [1.0000e+00, 3.4342e-11, 5.8489e-30, 6.8188e-29],
        [1.0000e+00, 6.0167e-14, 6.9391e-37, 7.5629e-37],
        [1.0000e+00, 4.7187e-10, 4.3903e-30, 3.8432e-29],
        [1.0000e+00, 2.8437e-09, 4.1976e-34, 1.0927e-33],
        [1.0000e+00, 1.9766e-12, 7.3942e-34, 1.2864e-33],
        [1.0000e+00, 8.7072e-09, 1.4243e-27, 6.8343e-27]],
       grad_fn=<SoftmaxBackward0>)
true labels:tensor([2, 0, 2, 0, 0, 0, 3, 1, 2, 1, 2, 1, 0, 0, 3, 3, 0, 0, 1, 3, 0, 1, 1, 2,
        0, 0, 0, 1, 1, 3])
loss = 1.3436681032180786
Epoch [2/2], Train Loss: 1.3437, Val Loss: 1.3770, Val Accuracy: 36.67%
训练完成，model saved at CloudSeaScene/model_saved/CnnClasification_20240807_epoch2.pth