outputs:tensor([[0.2415, 0.2745, 0.2377, 0.2463],
        [0.2497, 0.2788, 0.2313, 0.2402],
        [0.2458, 0.2683, 0.2375, 0.2483],
        [0.2414, 0.2717, 0.2305, 0.2564]], grad_fn=<SoftmaxBackward0>)
true labels:tensor([3, 3, 0, 1])
loss = 1.3854100704193115
outputs:tensor([[2.4803e-10, 8.8525e-05, 1.6248e-16, 9.9991e-01],
        [5.1300e-16, 3.1391e-08, 5.0264e-23, 1.0000e+00],
        [1.7307e-12, 3.0859e-06, 1.5292e-18, 1.0000e+00],
        [1.9338e-16, 4.3705e-06, 2.4408e-23, 1.0000e+00]],
       grad_fn=<SoftmaxBackward0>)
true labels:tensor([0, 1, 0, 1])
loss = 1.7436600923538208
outputs:tensor([[4.8781e-26, 1.0457e-07, 3.1669e-43, 1.0000e+00],
        [4.9653e-16, 5.2005e-03, 4.0903e-30, 9.9480e-01],
        [6.3452e-27, 1.3588e-07, 1.0888e-42, 1.0000e+00],
        [8.1596e-18, 1.2180e-02, 3.8034e-30, 9.8782e-01]],
       grad_fn=<SoftmaxBackward0>)
true labels:tensor([0, 1, 3, 0])
loss = 1.491075038909912
outputs:tensor([[5.8616e-26, 1.0000e+00, 8.5479e-44, 2.1361e-25],
        [5.3521e-24, 1.0000e+00, 2.3845e-39, 2.0139e-17],
        [1.3884e-26, 1.0000e+00, 3.6154e-43, 6.1156e-21],
        [8.5109e-22, 1.0000e+00, 3.7293e-38, 2.6579e-20]],
       grad_fn=<SoftmaxBackward0>)
true labels:tensor([0, 0, 0, 3])
loss = 1.7436683177947998
outputs:tensor([[0.0000e+00, 1.0000e+00, 0.0000e+00, 0.0000e+00],
        [9.9010e-38, 1.0000e+00, 0.0000e+00, 2.8026e-45],
        [0.0000e+00, 1.0000e+00, 0.0000e+00, 0.0000e+00],
        [0.0000e+00, 1.0000e+00, 0.0000e+00, 0.0000e+00]],
       grad_fn=<SoftmaxBackward0>)
true labels:tensor([0, 3, 0, 0])
loss = 1.7436683177947998
outputs:tensor([[7.7828e-25, 1.0000e+00, 3.0668e-39, 1.2123e-30],
        [2.4043e-40, 1.0000e+00, 0.0000e+00, 0.0000e+00],
        [0.0000e+00, 1.0000e+00, 0.0000e+00, 0.0000e+00],
        [0.0000e+00, 1.0000e+00, 0.0000e+00, 0.0000e+00]],
       grad_fn=<SoftmaxBackward0>)
true labels:tensor([3, 1, 1, 0])
loss = 1.2436683177947998
outputs:tensor([[0., 1., 0., 0.],
        [0., 1., 0., 0.],
        [0., 1., 0., 0.],
        [0., 1., 0., 0.]], grad_fn=<SoftmaxBackward0>)
true labels:tensor([0, 0, 0, 2])
loss = 1.7436683177947998
outputs:tensor([[0., 1., 0., 0.],
        [0., 1., 0., 0.]], grad_fn=<SoftmaxBackward0>)
true labels:tensor([0, 1])
loss = 1.2436683177947998
Epoch [1/2], Train Loss: 12.3385, Val Loss: 1.3999, Val Accuracy: 33.33%
outputs:tensor([[0., 1., 0., 0.],
        [0., 1., 0., 0.],
        [0., 1., 0., 0.],
        [0., 1., 0., 0.]], grad_fn=<SoftmaxBackward0>)
true labels:tensor([0, 3, 1, 0])
loss = 1.4936683177947998
outputs:tensor([[0., 1., 0., 0.],
        [0., 1., 0., 0.],
        [0., 1., 0., 0.],
        [0., 1., 0., 0.]], grad_fn=<SoftmaxBackward0>)
true labels:tensor([0, 1, 1, 3])
loss = 1.2436683177947998
outputs:tensor([[0., 1., 0., 0.],
        [0., 1., 0., 0.],
        [0., 1., 0., 0.],
        [0., 1., 0., 0.]], grad_fn=<SoftmaxBackward0>)
true labels:tensor([0, 0, 0, 1])
loss = 1.4936683177947998
outputs:tensor([[0., 1., 0., 0.],
        [0., 1., 0., 0.],
        [0., 1., 0., 0.],
        [0., 1., 0., 0.]], grad_fn=<SoftmaxBackward0>)
true labels:tensor([0, 1, 1, 0])
loss = 1.2436683177947998
outputs:tensor([[0., 1., 0., 0.],
        [0., 1., 0., 0.],
        [0., 1., 0., 0.],
        [0., 1., 0., 0.]], grad_fn=<SoftmaxBackward0>)
true labels:tensor([2, 3, 0, 0])
loss = 1.7436683177947998
outputs:tensor([[0., 1., 0., 0.],
        [0., 1., 0., 0.],
        [0., 1., 0., 0.],
        [0., 1., 0., 0.]], grad_fn=<SoftmaxBackward0>)
true labels:tensor([0, 0, 0, 3])
loss = 1.7436683177947998
outputs:tensor([[0., 1., 0., 0.],
        [0., 1., 0., 0.],
        [0., 1., 0., 0.],
        [0., 1., 0., 0.]], grad_fn=<SoftmaxBackward0>)
true labels:tensor([0, 3, 0, 1])
loss = 1.4936683177947998
outputs:tensor([[0., 1., 0., 0.],
        [0., 1., 0., 0.]], grad_fn=<SoftmaxBackward0>)
true labels:tensor([0, 3])
loss = 1.7436683177947998
Epoch [2/2], Train Loss: 12.1993, Val Loss: 1.3999, Val Accuracy: 33.33%
训练完成，model saved at CloudSeaScene/model_saved/CnnClasification_20240807_epoch2.pth