outputs:tensor([[0.2260, 0.2617, 0.2532, 0.2591],
        [0.2271, 0.2607, 0.2553, 0.2569],
        [0.2253, 0.2660, 0.2511, 0.2576],
        [0.2217, 0.2619, 0.2585, 0.2579],
        [0.2271, 0.2619, 0.2538, 0.2572],
        [0.2251, 0.2619, 0.2555, 0.2575],
        [0.2293, 0.2615, 0.2496, 0.2595],
        [0.2247, 0.2598, 0.2546, 0.2609],
        [0.2262, 0.2591, 0.2579, 0.2567],
        [0.2240, 0.2635, 0.2549, 0.2577],
        [0.2271, 0.2619, 0.2538, 0.2572],
        [0.2269, 0.2611, 0.2549, 0.2571],
        [0.2296, 0.2583, 0.2524, 0.2597],
        [0.2242, 0.2624, 0.2542, 0.2592],
        [0.2259, 0.2622, 0.2509, 0.2610],
        [0.2245, 0.2611, 0.2550, 0.2594],
        [0.2283, 0.2603, 0.2527, 0.2588],
        [0.2276, 0.2600, 0.2541, 0.2583],
        [0.2245, 0.2643, 0.2568, 0.2544],
        [0.2260, 0.2608, 0.2551, 0.2581],
        [0.2248, 0.2610, 0.2559, 0.2583],
        [0.2280, 0.2632, 0.2516, 0.2572],
        [0.2246, 0.2622, 0.2553, 0.2579],
        [0.2261, 0.2637, 0.2537, 0.2565],
        [0.2283, 0.2602, 0.2538, 0.2577],
        [0.2240, 0.2655, 0.2542, 0.2562],
        [0.2269, 0.2608, 0.2550, 0.2572],
        [0.2277, 0.2625, 0.2537, 0.2561],
        [0.2263, 0.2606, 0.2547, 0.2584],
        [0.2304, 0.2614, 0.2514, 0.2567]], grad_fn=<SoftmaxBackward0>)
true labels:tensor([1, 0, 1, 3, 0, 0, 2, 1, 0, 3, 0, 2, 0, 1, 1, 0, 1, 2, 3, 1, 1, 0, 3, 0,
        0, 1, 2, 1, 3, 0])
loss = 1.389006495475769
Epoch [1/1], Train Loss: 1.3890, Val Loss: 1.2851, Val Accuracy: 43.33%
训练完成，model saved at CloudSeaScene/model_saved/CnnClasification_20240807_epoch1.pth