outputs:tensor([[0.2508, 0.2735, 0.2419, 0.2338],
        [0.2499, 0.2693, 0.2469, 0.2340],
        [0.2584, 0.2636, 0.2441, 0.2339],
        [0.2554, 0.2704, 0.2437, 0.2306],
        [0.2535, 0.2668, 0.2455, 0.2342],
        [0.2542, 0.2664, 0.2489, 0.2304],
        [0.2569, 0.2637, 0.2451, 0.2344],
        [0.2554, 0.2634, 0.2442, 0.2370]], grad_fn=<SoftmaxBackward0>)
true labels:tensor([3, 3, 3, 0, 0, 0, 1, 1])
loss = 1.387405276298523
outputs:tensor([[4.8747e-02, 4.0401e-17, 1.6314e-37, 9.5125e-01],
        [3.9339e-02, 9.3332e-15, 1.0301e-32, 9.6066e-01],
        [1.8263e-02, 1.1728e-22, 0.0000e+00, 9.8174e-01],
        [7.1027e-01, 4.9367e-19, 1.3326e-42, 2.8973e-01],
        [9.9588e-01, 1.0298e-17, 3.7530e-37, 4.1200e-03],
        [4.2414e-02, 6.9135e-20, 2.5223e-43, 9.5759e-01],
        [9.9925e-01, 9.7799e-30, 0.0000e+00, 7.4684e-04],
        [9.9087e-01, 1.7355e-30, 0.0000e+00, 9.1280e-03]],
       grad_fn=<SoftmaxBackward0>)
true labels:tensor([0, 3, 0, 2, 0, 1, 1, 0])
loss = 1.3531280755996704
outputs:tensor([[1.0000e+00, 0.0000e+00, 0.0000e+00, 1.0757e-37],
        [1.0000e+00, 0.0000e+00, 0.0000e+00, 1.9246e-32],
        [1.0000e+00, 0.0000e+00, 0.0000e+00, 6.4740e-43],
        [1.0000e+00, 0.0000e+00, 0.0000e+00, 1.9262e-41],
        [1.0000e+00, 0.0000e+00, 0.0000e+00, 0.0000e+00],
        [1.0000e+00, 0.0000e+00, 0.0000e+00, 1.3472e-40],
        [1.0000e+00, 0.0000e+00, 0.0000e+00, 0.0000e+00],
        [1.0000e+00, 0.0000e+00, 0.0000e+00, 0.0000e+00]],
       grad_fn=<SoftmaxBackward0>)
true labels:tensor([1, 0, 3, 1, 1, 1, 1, 0])
loss = 1.4936684370040894
outputs:tensor([[1., 0., 0., 0.],
        [1., 0., 0., 0.],
        [1., 0., 0., 0.],
        [1., 0., 0., 0.],
        [1., 0., 0., 0.],
        [1., 0., 0., 0.],
        [1., 0., 0., 0.],
        [1., 0., 0., 0.]], grad_fn=<SoftmaxBackward0>)
true labels:tensor([0, 0, 0, 3, 0, 0, 0, 0])
loss = 0.8686684370040894
outputs:tensor([[1., 0., 0., 0.],
        [1., 0., 0., 0.],
        [1., 0., 0., 0.],
        [1., 0., 0., 0.],
        [1., 0., 0., 0.],
        [1., 0., 0., 0.],
        [1., 0., 0., 0.],
        [1., 0., 0., 0.]], grad_fn=<SoftmaxBackward0>)
true labels:tensor([3, 1, 0, 1, 2, 3, 0, 2])
loss = 1.4936684370040894
outputs:tensor([[1., 0., 0., 0.],
        [1., 0., 0., 0.],
        [1., 0., 0., 0.],
        [1., 0., 0., 0.],
        [1., 0., 0., 0.],
        [1., 0., 0., 0.],
        [1., 0., 0., 0.],
        [1., 0., 0., 0.]], grad_fn=<SoftmaxBackward0>)
true labels:tensor([1, 1, 3, 3, 3, 3, 0, 0])
loss = 1.4936684370040894
outputs:tensor([[1., 0., 0., 0.],
        [1., 0., 0., 0.]], grad_fn=<SoftmaxBackward0>)
true labels:tensor([0, 2])
loss = 1.2436683177947998
Epoch [1/1], Train Loss: 9.3339, Val Loss: 1.3508, Val Accuracy: 44.00%
训练完成，model saved at CloudSeaScene/model_saved/CnnClasification_20240807_epoch1.pth